90 90
634335222363578865723758835844771566747783548834236166413562173152315671355526236533888554
223227468141775876834435417537557552687763532764675633453818421712511886616574851355378434
826374841124852817234354662334417766528275886284766163411386118272632188382432555221185517
756424254787387368318422742367261145162124677681371645855557572856211251277368631585561121
272416226743252528264142374212671152228174488267337357521836281113761161242465548871636861
862213271675312631648712632888818784527343475142843241784821332122453761756712444643725464
554248658568717151846885573265327636256555471731233621226374282717331135454886668447411341
688827868386762586387142225186263385687274433516842466445327621761251561484133441215422611
435678851831348378621414637115327765871212758634658555187872535374654524145513181212725435
731747873217144633147566611585282336757354684882115173326525631626286686866624424772861213
372877112631283474263318212148428843721845848475465382166116422188478164474318575228768221
821278157256686624621786738524814723685211772232187113686842488377871478352467883826272114
171143383113322316646578465176637267641747328567468111551132242832843871275166334428274885
257112871454384136242815825341755228128257133814531184373332725447476116851566542434253336
681432313561277646165175276578718818631287174843717574583434157358638653774765486166334388
688511665531737465822131212152376184328856827371514442645466322643255342563114843154216237
144335321774353671447773532554467513548228768287461437485157234614853654885354316124817286
121258148547868647573784447771288228158748447548712718583166655175626851448678322624558725
733157441837453732522168427168541216318753582158252441313258511883464341164821736337286718
561125282873628327537524845881831874621682563354544453427441786364564723783438316622252613
225343352827518232713527362681368888273462774766228372122175448645815453741533516127466485
571335887461612541381438221337147364346321113743611161454287182127662434228585845327448281
416255532636653822536333834768686717357883737545614181781721866531314331558757144432248438
481148367748764522748683243271381862838523445417311366368334482758477284551388175246627511
177883664763131545442547618215615714318478336375217828488383262638732888237374641573216285
238215846857448636268411745415323368263135262851414221846753431272474721464885828526467161
883746657641365514218368437422266361534813487276437115421683428442676688888653746526377635
366212331444445771787152668134278215526185536675214645531134243764414588744115516446146637
765522268378482388444617524368666853672276182465766487246142642837148211376755221852614224
456453257644371413817721342471572748513723468644752518648877517467435222812613457673534531
355572521671372327713546337388582423414241165782643376571154246243857263261168864233717287
123287376624361474783742138176767854355648528454672447447545628737577765476725422376467481
886334636355128826845645428555265147144282133386527277717732876264562858472144231681313612
755434574344718188327382746241261672833117188262681418454437313862244712577142356655661234
372143271768582632526841443363176222241136648635353583842378635714175882364854142816718768
732456538728446343177218816168473327354477758437317671112587582446866448642466663111828521
277184485146814453316564565585125425733328687171471541286265621276272461813146883426537615
317315836771373734842741433283822863616655585556458366483652825757711771445858857688643537
466115335852431617277525835324741417826264678815567176561115824612757781261433413183836314
677576727453634372217414255675216451355238745841235672316533313758365558543452851427656154
568725432445715577356244437422436285544685871744448677334315437473873854458524285786576161
715121535635183835224852471351614435671364733643581353152446674243441786187845256883383155
425222331678768332878254258171124381468783656762455336715863871765335284163782383462465638
174212526435272281333164831464648184288332167324863621875143382548873312286272263771221331
724517718663738174644143347123173648246584477374613218624563151262131315332665563484652735
147165226432158353872834411656588322318631436218747765738815882548313761358751813261783624
157655822424347142356384822236534147622355621663536246584161614334338574731723731211582535
638781311566368123531765135864617682184818722157362322211467751123485651323382147582725142
733786174246411521177765586324238845231276175246551563772385257762171738247141575142453885
375744223685623735817424684246766173574482672178125822815184611137456875446435644632218388
318414667216425437146265235218235458573255267318744234428287746573857124873212526787113322
853453135738655832421257283476514758258271131814481187363553776553815225344744565152123871
746515238167237467882228617837756282388556321881388564487267466781753281557531376822418154
676623645848824273641666447581176164253156712833728363587585667147443425521884425478387253
337442882832484331234856411514515628372383336358482821125832741683425217316536634851433725
618668248575316785187673112314362528713133572565175657274446528482718638436551287518175141
566785484588647471686178776336843414858537211285785144684851441241757456331543783574287676
756855257323273675763614583312266615262754348627127288278436468767515367735416454767528824
768553558764456741633557215875277584525583482368575342631784346133375238343325647433164713
343445663116845878237226746234368512283255573171335535755215755583383277217218144783687632
851444425178475648716633131245521724254688214138368182155181846887462857344662133382377627
722473351843256335552248361843445481833124654862251715323324884282616854112527787168514243
118761173666878122732532811678822877432554354641577781786584771241846356638241247382428258
317753333631532145172446252838717333548855215427874467154514541878247578853856322387862768
562436572334538856613456311582185453767747768684647588634746282647343161551681137676343675
163141873817345234534358427458461457248743628281238843641528126166633513148262386663832884
464328243851435852388414812114711566753757737348764873232426384652318532814848236565525368
131341315262463747233138113752116375825364353164512658435782881347573134726552881386532768
134847633647474835743368158337483516814587276173612287858183648513186252277287652311321362
347887384316277764658762556827651542484327768515147431142775281777774176588556823646543663
152378731224242584323384172825581776368546253135423557323332728865621181336328374767464288
245682745555556453536445253138424183236611447148473677464345175685527777735535757514474663
412451615212121341371316632731822716164818258362365667174767678636614685534631244856887113
736287262681537545417786476478154383674268465667735772878835444171413744681341352243863215
543171321765351813226878438887231322277287486326124612551875472486288228583871144587178675
873584647528675855122843515582658281681255722265423447613347363767338887325251477323887244
584363523756451286211846272671682365836377288128783235746463284687558677673288782824288344
354221462842573253741116311114735112287854528148367663352762435733822873546248155778228156
474415214768476863784815874112565821318735324521575884587531225428716811262124242661548861
212277374732617864136126122545616153414813333737772557663344245113321374751557666423161541
625548837432452763113763538643477373574473238233347716844473215441821722785864243287322614
333352245512886268322728847734555546652341778144474772665566328456187578364344356585122678
535463761171538451435187852444674827652361881832532644527455777585176382486885666256622532
763242645718454782565272515865638488215537122568538574737171326424515238653531747722265475
632277615314458172452733284143228141677233836267746624352426328576458764218182473243124624
153848427487353725633717636131721665581455315856845348585216874753377325473257246565515617
356424384174141683231741636545814137837762836166186727478355572748866254132243215721723325
376863838643177636535148155541528238556487455818623427666882642524262432842322416712468252
873415125881434747442853113781377416141834334337276845144225434578417187437858747858475248
756642534464581123223226467784843334154866331873476422315633144385484121636161265738246118
